3000
3002
3004
3006
3008
3011
3012
3013
3015
3016
3018
3019
3020
3021
3023
3024
3025
3026
3028
3029
3030
3031
3032
3033
3034
3036
3037
3038
3039
3040
3041
3042
3043
3044
3045
3046
3047
3048
3049
3050
3051
3052
3053
3054
3055
3056
3057
3058
3059
3060
3061
3063
3064
3065
3066
3067
3068
3070
3071
3072
3073
3074
3075
3076
3078
3079
3081
3082
3083
3084
3085
3087
3088
3094
3095
3102
3103
3103
3104
3105
3106
3107
3108
3109
3111
3116
3121
3122
3123
3124
3125
3126
3127
3128
3129
3130
3131
3132
3133
3134
3135
3136
3137
3138
3139
3140
3141
3142
3143
3144
3145
3146
3147
3148
3149
3150
3151
3152
3153
3155
3156
3161
3162
3163
3165
3166
3167
3168
3169
3170
3171
3172
3173
3174
3175
3176
3177
3178
3179
3180
3181
3182
3183
3184
3185
3186
3187
3188
3189
3190
3191
3192
3193
3194
3195
3196
3197
3198
3199
3200
3201
3202
3204
3205
3206
3207
3212
3214
3215
3216
3217
3219
3220
3221
3222
3223
3224
3225
3226
3228
3230
3250
3337
3340
3345
3350
3975
3976
5000
5006
5007
5011
5012
5014
5016
5017
5019
5021
5022
5023
5024
5025
5026
5031
5033
5034
5035
5039
5041
5042
5043
5044
5045
5046
5047
5049
5050
5051
5052
5061
5063
5064
5065
5066
5067
5068
5069
5070
5072
5073
5074
5076
5082
5084
5085
5086
5087
5089
5090
5091
5093
5095
5096
5097
5098
5107
5108
5109
5110
5112
5113
5114
5116
5118
5120
5125
5126
5127
5152
5157
5158
5159
5160
5161
5162
5163
5164
5165
5167
5168
5169
5170
5173
5185
7000
7004
7005
7007
7008
7009
7010
7011
7015
7017
7018
7019
7020
7030
7050
7052
7053